;盟重  地图 传送 
地图/新手	3	332	340	新手地图       0	71	0	0	0	1	1
地图/初级	3	330	340	初级地图       0	71	0	0	0	1	1
地图/地下一层	di1	50	50	地下皇陵二层       0	71	0	0	0	1	1
地图/高级	3	328	340	高级地图       0	71	0	0	0	1	1
地图/Boss二层	BOSSG	17	21	BOSS二层       0	71	0	0	0	1	1
地图/超级	3	326	340	超级地图       0	71	0	0	0	1	1
地图/至尊	3	324	340	至尊殿堂       0	71	0	0	0	1	1
地图/暴风	3	322	340	暴风神殿       0	71	0	0	0	1	1
地图/深兰幽谷	3	321	338	深兰幽谷       0	71	0	0	0	1	1
地图/焚天炼域	3	321	335	焚天炼域       0	71	0	0	0	1	1
地图/封魔古迹	3	321	332	封魔古迹       0	71	0	0	0	1	1
地图/精绝古关	3	321	329	精绝古关       0	71	0	0	0	1	1
地图/葬神沙漠	3	321	326	葬神沙漠       0	71	0	0	0	1	1
地图/荒古剑冢	3	321	323	荒古剑冢       0	71	0	0	0	1	1
地图/红石河谷	3	321	320	红石河谷       0	71	0	0	0	1	1
地图/如龙宝藏	3	319	316	如d宝藏     0	119	0	0	0	0	1
地图/传说	3	317	338	传说●宝阁     0	70	0	0	0	0	1
地图/征战	3	317	335	征战●圣殿     0	70	0	0	0	0	1
地图/不灭	3	317	332	不灭●绝疆     0	70	0	0	0	0	1
地图/⑻	3	317	329	⑻臁袷ス     0	70	0	0	0	0	1
地图/弑血	3	317	326	弑血●领地     0	70	0	0	0	0	1
地图/缥缈       3	317	323	缥缈●仙境     0	70	0	0	0	0	1
地图/如龙       3	317	320	如●魔域     0	70	0	0	0	0	1
地图/上古       3	324	320	上古・残阵     0	59	0	0	0	0	1
地图/幻海       3	328	320	幻海・绿洲     0	59	0	0	0	0	1
地图/幽冥       3	332	320	幽冥・鬼域     0	59	0	0	0	0	1
地图/山庄       3	336	320	如・山庄     0	59	0	0	0	0	1
宝藏/赤月天山   rlbz	19	20	如・赤月天山 0	70	0	0	0	0	1
宝藏/赤月天山一层   cyts1	90	46  赤月天山二层  0	70	0	0	0	0	1
宝藏/赤月天山二层   cyts2	28	179  赤月天山三层  0	70	0	0	0	0	1
宝藏/冰月圣宫   rlbz	16	23	如・冰月圣宫 0	70	0	0	0	0	1
宝藏/冰月圣宫一层   bysg1	32	21	冰月圣宫二层   0	70	0	0	0	0	1
宝藏/冰月圣宫二层   bysg2	13	18	冰月圣宫三层   0	70	0	0	0	0	1
宝藏/玄妖魔殿   rlbz	13	26	如・玄妖魔殿 0	70	0	0	0	0	1
宝藏/玄妖魔殿一层   xymd1	28	27	玄妖魔殿二层 0	70	0	0	0	0	1
宝藏/玄妖魔殿二层   xymd2	18	21	玄妖魔殿三层 0	70	0	0	0	0	1
宝藏/地下魔域   rlbz	10	29	如・地下魔域 0	70	0	0	0	0	1
宝藏/地下魔域一层  xspy1	39	8	地下魔域二层 0	70	0	0	0	0	1
宝藏/地下魔域二层  xspy2	45	50	地下魔域三层 0	70	0	0	0	0	1
宝藏/天下仙府   rlbz	7	32	如・天下仙府 0	70	0	0	0	0	1
宝藏/天下仙府一层  txxf1	27	26	天下仙府二层 0	70	0	0	0	0	1
宝藏/天下仙府二层  txxf2	46	39	天下仙府三层 0	70	0	0	0	0	1
宝藏/终极神陵   rlbz	19	33	如・终极神陵 0	59	0	0	0	0	1
宝藏/终极神陵一层   zjsl1	50	50	终极神陵二层  0	 59	0	0	0	0	1
宝藏/终极神陵二层   zjsl2	44	21	终极神陵三层  0	 59	0	0	0	0	1
回馈/回馈	3	344	340	回馈地图       0	71	0	0	0	1	1

回馈/金刚石	3	335	327	金刚石获取       0	71	0	0	0	1	1
功能NPC/幸运之家	3	334	340	   ★幸运之家★	 0	12	0	0	0	0	0
功能NPC/交易市场	3	324	327	  【交易市场】	  0	109	0	0	0	0	0
功能NPC/交易市场	GA0	66	66	   点我回城	  0	12	0	0	0	0	0
RMB回收		        3	324	324        【终极回收】       0	  12	0	0	0	0	0
功能NPC/金刚石使者	3       326     324	   【金刚石回收】	  0	12	0	0	0	0	3
功能NPC/攻城指挥	3	340	321	    剑指沙城	  0	27	1	0	0	0	0
金刚石使者		3	328	324         ◆金刚石使者◆     0	12	0	0	0	0	0
功能NPC/变性转职	3	330	324	   【综合服务】	0	12	0	0	0	0	0
功能NPC/三大神技	3	332	324	   【龙卫神技】	0	12	0	0	0	0	0
功能NPC/升级奖励	3	334	324	   【升级奖励】	0	12	1	0	0	0	0

功能NPC/点我满血	3	341	326         ★药王神医★	0	8	0	0	0	1	2
功能NPC/行会战争	E1	15	15	    行会争霸管理	0	15	0	0	0	0	0
;功能NPC/行会争霸[活动]	3	341	328         行会争霸[激情]	0	122	0	0	0	0	0

功能NPC/安全泡点  	        3	330	331	    ★安全泡点★      0	119	0	0	0	0	1
暴走模式                3       336     324         【暴走模式】               0               12             0               0             0 
功能NPC/行会招人	3	343	321         厉兵秣马	  0	49	0	0	0	0	0

功能NPC/测试奖励        3	336     340	  ★测试奖励★      0       12	0	0	0	0	0
功能NPC/赞助大使        3       340    340        ★赞助大使★               0               12             0               0             0 
功能NPC/充值回馈        3       338    340        ★充值回馈★               0               12             0               0             0 
功能NPC/缥缈换充值        3       340    343        ★缥缈换充值★               0               12             0               0             0 

功能NPC/活动使者        3       338    324        ★综合活动★               0               12             0               0             0 
功能NPC/激情泡点	3	332	344          激情★★泡点	0	36	0	0	0	0	0
功能NPC/激情地图	jqpd	14	16          ★激情使者★	0	13	0	0	0	0	0

功能NPC/金猪送礼	3	329	344          金猪★★送礼	0	36	0	0	0	0	0
功能NPC/刺杀魔王	3	326	344          刺杀★★魔王	0	36	0	0	0	0	0
功能NPC/怪物攻城	3	323	344          怪物★★攻城	0	36	0	0	0	0	0


;庄园
功能NPC/暴击使者              GA0         68              64               暴击使者        0       12      0       0       0       0       0
功能NPC/装备淬炼	GA0	62	70	装备淬炼	0	12	0	0	0	0	0
功能NPC/仓库保管	GA0	64	68	仓库保管员	0	12	0	0	0	0	0
功能NPC/斗笠勋章合成	GA0	64	64	★神秘合成★	0	12	0	0	0	0	0
功能NPC/转生使者	GA0	60	67	★转生使者★	0	12	0	0	0	0	0
功能NPC/终极附魔        GA0     65      73      ★终极附魔★               0               12             0               0             0 

;回馈地图
功能NPC/高级回馈       huikui1 	100	100	 高级回馈	0	 8	0	0	0	0	0
功能NPC/高级回馈       huikui2 	100	100	 高级回馈	0	 8	0	0	0	0	0





;人民币攻城介绍	GA0	68	68	人民币攻城介绍	0	8	0	0	0	0	0
;人民币回收介绍	GA0	66	70	人民币回收介绍	0	8	0	0	0	0	0
;人民币攻城介绍	3	339	342	人民币攻城介绍	0	8	0	0	0	0	0
;人民币回收介绍	3	341	342	人民币回收介绍	0	8	0	0	0	0	0



;黑市商人                GA0      78	 78              黑市商人        0       8        0       1       30       1       2

;活动使者                               3             339           330           活动使者               0               101             0              0              0               0     
0
;公告牌                   3     317     321     【外挂举报】       0       8      0       0       0       0       0 
比奇城/武馆教头		0137	21	11	比奇武馆教头	0	15	0	0	0	0	0
比奇城/比奇屠夫		0102	9	7	比奇屠夫	0	11	0	0	0	0	0
比奇城/比奇城屠夫	0	313	271	比奇城屠夫	0	4	0	0	0	0	0
比奇城/比奇卫家店	0103	19	18	比奇卫家店	0	1	0	0	0	0	0
比奇城/比奇铁匠铺老板	0	302	219	比奇铁匠铺老板	0	0	0	0	0	0	0
比奇城/比奇安家布衣	0106	19	6	比奇安家布衣	0	7	0	0	0	0	0
比奇城/比奇老兵		0	331	270	比奇老兵	0	1	0	0	0	0	0
比奇城/比奇赖家店老板	0108	7	7	比奇赖家店老板	0	1	0	0	0	0	0
比奇城/比奇夏家店老板	0	324	291	比奇夏家店老板	0	5	0	0	0	0	0
比奇城/比奇杳水店老板	0109	4	8	比奇杳水店老板	0	9	0	0	0	0	0
比奇城/陈家铺子老板	0104	5	8	陈家铺子老板	0	2	0	0	0	0	0
比奇城/比奇书店老板	0	325	250	比奇书店老板	0	2	0	0	0	0	0
比奇城/比奇麦家铺子	0125	8	6	比奇麦家铺子	0	9	0	0	0	0	0
比奇城/比奇仓库保管员	0	301	257	比奇仓库保管员	0	12	0	0	0	0	0
比奇城/比奇杂货铺老板	0	378	298	比奇杂货铺老板	0	3	0	0	0	0	0
比奇城/比奇戒指店老板	0105	18	6	比奇戒指店老板	0	4	0	0	0	0	0
比奇城/比奇手镯店老板	0105	12	12	比奇手镯店老板	0	5	0	0	0	0	0
比奇城/比奇项链店老板	0105	6	18	比奇项链店老板	0	6	0	0	0	0	0
比奇城/助理小敏		0	628	601	助理小敏	0	5	0	0	0	0	0
比奇城/彩票员		0	298	317	彩票员		0	3	0	0	0	0	0
比奇城/高级武士		0114	14	9	高级武士	0	3	0	0	0	0	0
比奇城/高级武士		01141	14	9	高级武士	0	3	0	0	0	0	0
;-----------------------
银杏新人村/新人村许家店	0119	10	11	新人村许家店	0	1	0	0	0	0	0
银杏新人村/药房小老板	0119	14	14	药房小老板	0	9	0	0	0	0	0
银杏新人村/陈家铺老板	0	643	611	陈家铺老板	0	3	0	0	0	0	0
银杏新人村/精武馆老板	0	649	602	精武馆老板	0	0	0	0	0	0	0
银杏新人村/高家店老板	0	643	601	高家店老板	0	7	0	0	0	0	0
银杏新人村/新人村屠夫	0	649	591	新人村屠夫	0	11	0	0	0	0	0
银杏新人村/廖家店老板	0	621	642	廖家店老板	0	6	0	0	0	0	0
;-----------------------
比奇村/边界村小店老板	0	291	610	边界村小店老板	0	1	0	0	0	0	0
比奇村/边界村铁匠铺	0	297	612	边界村铁匠铺	0	0	0	0	0	0	0
比奇村/边界村屠夫	0	293	603	边界村屠夫	0	11	0	0	0	0	0
比奇村/白家服装老板	0	305	607	白家服装老板	0	7	0	0	0	0	0
比奇村/边界村书店老板	0132	5	18	边界村书店老板	0	2	0	0	0	0	0
比奇村/边界村保管员	0140	8	9	边界村保管员	0	9	0	0	0	0	0
比奇村/边界村戒指店	0141	23	23	边界村戒指店	0	4	0	0	0	0	0
比奇村/边界村手镯店	0141	16	16	边界村手镯店	0	5	0	0	0	0	0
比奇村/边界村项链店	0141	10	10	边界村项链店	0	6	0	0	0	0	0
;-----------------------
毒蛇山谷/朴铁匠		0120	7	8	朴铁匠		0	0	0	0	0	0	0
毒蛇山谷/铁匠		2	518	492	铁匠		0	0	0	0	0	0	0
毒蛇山谷/薄家药铺老板	0117	4	10	薄家药铺老板	0	1	0	0	0	0	0
毒蛇山谷/药铺老板	2	505	497	药铺老板	0	1	0	0	0	0	0
毒蛇山谷/罗家铺子老板	2	505	479	罗家铺子老板	0	3	0	0	0	0	0
毒蛇山谷/米家服装老板	2	517	477	米家服装老板	0	7	0	0	0	0	0
毒蛇山谷/山谷仓库保管员	2	517	466	山谷仓库保管员	0	12	0	0	0	0	0
毒蛇山谷/山谷老人	3	855	661	山谷老人	0	3	0	0	0	0	0
;-----------------------
盟重土城/盟重仓库保管员	0145	9	12	盟重仓库保管员	0	12	0	0	0	0	0
;盟重土城/悦来客栈老板	3	338	342	★仓库保管★	0	12	0	0	0	0	0
盟重土城/张家布衣老板	0149	23	20	张家布衣老板	0	7	0	0	0	0	0
盟重土城/盟重手套店老板	0149	11	18	盟重手套店老板	0	4	0	0	0	0	0
盟重土城/盟重老张头盔店	0149	8	5	盟重老张头盔店	0	5	0	0	0	0	0
盟重土城/盟重铁匠铺老板	0159	5	9	盟重铁匠铺老板	0	0	0	0	0	0	0
盟重土城/罗家铺子老板	0160	5	8	罗家铺子老板	0	1	0	0	0	0	0
盟重土城/盟重戒指店老板	0158	11	16	盟重戒指店老板	0	5	0	0	0	0	0
盟重土城/盟重手镯店老板	0158	16	11	盟重手镯店老板	0	6	0	0	0	0	0
盟重土城/盟重项链店老板	0158	4	21	盟重项链店老板	0	4	0	0	0	0	0
盟重土城/盟重流浪汉	3	346	334	盟重流浪汉	0	3	0	0	0	0	0
盟重土城/盟重屠夫	3	355	329	盟重屠夫	0	11	0	0	0	0	0
盟重土城/盟重药店老板	3	361	335	盟重药店老板	0	1	0	0	0	0	0
盟重土城/盟重书店老板	0161	11	16	盟重书店老板	0	2	0	0	0	0	0
盟重土城/游戏助理	3	339	336	超级传送	0	97	0	0	0	1	2
盟重土城/盟重彩票员	3	284	343	盟重彩票员	0	3	0	0	0	0	0
盟重土城/老人		E603	31	191	老人		0	9	0	0	0	0	0
;-----------------------
沙巴克/沙巴克铁匠铺	0151	3	19	沙巴克铁匠铺	0	0	1	0	0	0	0
沙巴克/沙巴克武器铺	0151	7	14	沙巴克武器铺	0	0	1	0	0	0	0
沙巴克/沙巴克布衣店	0155	13	7	沙巴克布衣店	0	7	1	0	0	0	0
沙巴克/沙巴克头盔店	0155	9	11	沙巴克头盔店	0	5	1	0	0	0	0
沙巴克/沙巴克炼药老板	0153	7	14	沙巴克炼药老板	0	9	1	0	0	0	0
沙巴克/沙巴克药店	0153	14	7	沙巴克药店	0	1	1	0	0	0	0
沙巴克/沙巴克仓库	0152	7	12	沙巴克仓库	0	12	1	0	0	0	0
沙巴克/沙巴克小贩	3	663	304	沙巴克小贩	0	3	1	0	0	0	0
沙巴克/沙巴克手镯店	0154	14	7	沙巴克手镯店	0	6	1	0	0	0	0
沙巴克/沙巴克项链店	0154	3	18	沙巴克项链店	0	6	1	0	0	0	0
沙巴克/沙巴克戒指店	0154	10	15	沙巴克戒指店	0	5	1	0	0	0	0
沙巴克/沙巴克炼武器	0151	12	10	沙巴克炼武器	0	0	1	0	0	0	0
;-----------------------
特殊NPC/桃源合成师	R001	53	115	桃源合成师	0	15	0	0	0	0	0
特殊NPC/蜈蚣洞服装小贩	D608	30	22	蜈蚣洞服装小贩	0	3	0	0	0	0	0
特殊NPC/祖玛阁药品小贩	D5063	62	36	祖玛阁药品小贩	0	1	0	0	0	0	0
特殊NPC/石墓阵武器店	D71650	23	27	石墓阵武器店	0	0	0	0	0	0	0
特殊NPC/石墓阵服装店	D71651	23	27	石墓阵服装店	0	7	0	0	0	0	0
特殊NPC/石墓阵药品店	D71653	23	27	石墓阵药品店	0	3	0	0	0	0	0
特殊NPC/石墓阵首饰店	D71652	23	27	石墓阵首饰店	0 	5	0	0	0	0	0
特殊NPC/特殊商人	0126	10	10	特殊商人	0	9	0	0	0	0	0
特殊NPC/宫殿商人	0152	4	15	宫殿商人	0	9	1	0	0	0	0
特殊NPC/东方商人	0146	4	11	东方商人	0	9	0	0	0	0	0
特殊NPC/神秘老人	2	515	464	神秘老人	0	9	0	0	0	0	0
特殊NPC/踏云尊者	0113	8	8	踏云尊者	0	14	0	0	0	0	0
特殊NPC/论武尊		R001	100	93	论武尊		0	15	0	0	0	0	0
特殊NPC/沃玛铁匠	1	314	72	沃玛铁匠	0	0	0	0	0	0	0
特殊NPC/沃玛商人	1	309	81	沃玛商人	0	4	0	0	0	0	0
特殊NPC/沃玛老人	1	235	305	沃玛老人	0	9	0	0	0	0	0
特殊NPC/森林老人	1	96	290	森林老人	0	3	0	0	0	0	0
特殊NPC/仓库保管员	D002	174	216	仓库保管员	0	3	0	0	0	0	0
特殊NPC/刘老头		D002	187	214	刘老头		0	9	0	0	0	0	0
特殊NPC/洞穴不法小贩	DM001	4	6	洞穴不法小贩	0	9	0	0	0	0	0
特殊NPC/屠夫		3	659	301	屠夫		0	1	1	0	0	0	0
特殊NPC/暗道		H010	371	377	神秘老人	0	9	0	0	0	0	0
特殊NPC/神秘老人	0150	16	8	神秘老人一	0	9	0	0	0	0	0
特殊NPC/神秘老人	H201	10	100	神秘老人二	0	9	0	0	0	0	0
特殊NPC/幻境小贩	H203	21	17	影之道幻境小贩	0	3	0	0	0	0	0
特殊NPC/仓库保管员	H203	18	20	影之道保管员	0	9	0	0	0	0	0
特殊NPC/神秘老人	H204	54	52	神秘老人三	0	9	0	0	0	0	0
;-----------------------
白日门/白日门武器店	1001	14	12	白日门武器店	0	15	0	0	0	0	0
白日门/白日门杂货店	1007	11	14	白日门杂货店	0	17	0	0	0	0	0
白日门/白日门首饰店	1005	9	11	白日门首饰店	0	20	0	0	0	0	0
白日门/白日门服装店	1003	13	16	白日门服装店	0	23	0	0	0	0	0
白日门/白日门药店老板	1006	9	10	白日门药店老板	0	22	0	0	0	0	0
白日门/白日门药剂师	1006	12	7	白日门药剂师	0	25	0	0	0	0	0
白日门/白日门书店老板	1004	9	11	白日门书店老板	0	18	0	0	0	0	0
白日门/白日门保管员	11	184	296	白日门保管员	0	18	0	0	0	0	0
白日门/白日门向导	11	186	298	白日门向导	0	15	0	0	0	0	0
白日门/白日门天尊	1002	14	13	白日门天尊	0	14	0	0	0	0	0
白日门/游戏助理		11	185	323	游戏助理	0	5	0	0	0	0	0
白日门/白日门勇士	D1002	266	49	白日门勇士	0	15	0	0	0	0	0
白日门/白日门勇士	D1004	67	230	白日门勇士	0	15	0	0	0	0	0
;-----------------------
封魔谷/沃玛教主		b341	17	22	沃玛教主	0	27	0	0	0	0	0
封魔谷/恶魔老兵		4	238	194	恶魔老兵	0	29	0	0	0	0	0
封魔谷/恶魔杂货匠	4	255	224	恶魔杂货匠	0	17	0	0	0	0	0
封魔谷/恶魔屠夫		4	243	187	恶魔屠夫	0	11	0	0	0	0	0
封魔谷/恶魔铁匠		4	227	223	恶魔铁匠	0	30	0	0	0	0	0
封魔谷/恶魔首饰店老板	b344	13	10	恶魔首饰店老板	0	31	0	0	0	0	0
封魔谷/恶魔保管员	b347	9	10	恶魔保管员	0	10	0	0	0	0	0
封魔谷/恶魔布店老板	b345	12	10	恶魔布店老板	0	32	0	0	0	0	0
封魔谷/恶魔学者		b343	5	18	恶魔学者	0	30	0	0	0	0	0
封魔谷/恶魔炼药师	b343	15	9	恶魔炼药师	0	22	0	0	0	0	0
封魔谷/恶魔药剂师	b343	9	13	恶魔药剂师	0	28	0	0	0	0	0
封魔谷/恶魔铁匠铺老板	b342	14	7	恶魔铁匠铺老板	0	30	0	0	0	0	0
封魔谷/恶魔修理师	d2008	31	24	恶魔修理师	0	30	0	0	0	0	0
封魔谷/红娘		M101	29	32	红娘		0	12	0	0	0	0	0
封魔谷/游戏助理		4	235	200	游戏助理	0	5	0	0	0	0	0
;-----------------------
苍月岛/海岛老兵		5	139	326	海岛老兵	0	1	0	0	0	0	0
苍月岛/苍月岛杂货店老板	5	137	312	苍月岛杂货店老	0	3	0	0	0	0	0
苍月岛/苍月岛书店老板	5	155	297	苍月岛书店老板	0	2	0	0	0	0	0
苍月岛/苍月岛武器店老板	5	129	306	苍月岛武器店老	0	0	0	0	0	0	0
苍月岛/苍月岛首饰店老板	5	155	339	苍月岛首饰店老	0	4	0	0	0	0	0
苍月岛/苍月岛布料店老板	5	147	328	苍月岛布料店老	0	7	0	0	0	0	0
苍月岛/苍月岛仓库保管员	5	126	332	苍月岛仓库保管	0	12	0	0	0	0	0
苍月岛/苍月岛药店老板	5	148	352	苍月岛药店老板	0	9	0	0	0	0	0
苍月岛/苍月岛药剂师	5	161	316	苍月岛药剂师	0	9	0	0	0	0	0
苍月岛/苍月岛药店老板	B356	14	11	苍月岛药店老板	0	9	0	0	0	0	0
;-----------------------
地下宫殿/仓库管理	H007A	161	179	仓库管理员	0	1	1	0	0	0	0
地下宫殿/宫殿小贩	H007A	169	171	宫殿小贩	0	3	1	0	0	0	0
地下宫殿/宫殿商人	T1061A	17	22	宫殿商人	0	17	0	0	0	0	0
地下宫殿/地下城守卫	T1061A	20	24	地下城守卫	0	15	0	0	0	0	0
;-----------------------
魔龙城/杂货店		6	138	154	魔龙城杂货店	0	17	0	0	0	0	0
魔龙城/药店		6	129	143	魔龙城药店	0	22	0	0	0	0	0
魔龙城/武器店		6	106	136	魔龙城武器店	0	29	0	0	0	0	0
魔龙城/首饰店		6	113	126	魔龙城首饰店	0	20	0	0	0	0	0
魔龙城/守卫		6	115	148	魔龙城守卫	0	32	0	0	0	0	0
魔龙城/服装店		6	108	162	魔龙城服装店	0	20	0	0	0	0	0
魔龙城/老兵		6	123	156	魔龙城老兵	0	27	0	0	0	0	0
魔龙城/保管员		6	95	155	魔龙城保管员	0	12	0	0	0	0	0
魔龙城/向导		63	254	40	魔龙城向导	0	27	0	0	0	0	0
魔龙城/仓库		63	256	42	魔龙城保管员	0	12	0	0	0	0	0
;-----------------------
;赌博/美女服务员		TXDGA	5	14	美女服务员	0	12	0	0	0	0	0
;赌博/赌博		 3	325	321	【赌徒之家】	0	12	0	0	0	0	0
;-----------------------
功能NPC/英雄管理	0	652	625	领取英雄	0	31	0	0	0	0	0
功能NPC/英雄管理	0	286	619	领取英雄	0	31	0	0	0	0	0
功能NPC/英雄管理	0	331	266	领取英雄	0	31	0	0	0	0	0
功能NPC/新人接待员	0	649	625	新人接待员	0	8	0	0	0	0	0
功能NPC/新人接待员	0	286	616	新人接待员	0	8	0	0	0	0	0



功能NPC/帐号二代密保	0	283	616	账号二代密保	4	35	1	0	0	0	0
功能NPC/帐号二代密保	0	646	625	账号二代密保	4	35	1	0	0	0	0
功能NPC/帐号二代密保	3	341	324	账号二代密保	4	109	1	0	0	0	0
功能NPC/帐号二代密保	mimab	14	12	账号二代密保	4	35	1	0	0	0	0
功能NPC/点我回土城	mimab	17	15	点我回到土城	4	36	1	0	0	0	0
功能NPC/密码验证	mima	15	14	密码验证	0	35	0	0	0	0	0
功能NPC/密码说明	mima	12	14	说明		0	12	0	0	0	0	0







地图/空白名字一律封号	0	646	621	空白名字一律封号	0	70	0	0	0	0	0
地图/空白名字一律封号	0	649	621	空白名字一律封号	0	70	0	0	0	0	0
地图/空白名字一律封号	0	652	621	空白名字一律封号	0	70	0	0	0	0	0
地图/空白名字一律封号	0	283	619	空白名字一律封号	0	70	0	0	0	0	0