;代码	X	Y	名称	范围	数量	时间
0	665	86	弓箭守卫	0	1	1
0	672	93	弓箭守卫	0	1	1
2	417	558	弓箭守卫	0	1	1
2	416	559	弓箭守卫	0	1	1
2	423	566	弓箭守卫	0	1	1
2	424	565	弓箭守卫	0	1	1
0	340	513	弓箭守卫	0	1	1
0	341	514	弓箭守卫	0	1	1
0	367	487	弓箭守卫	0	1	1
0	368	488	弓箭守卫	0	1	1
0	318	244	弓箭守卫	0	1	1
0	300	207	弓箭守卫	0	1	1
0	310	227	弓箭守卫	0	1	1
0	313	230	弓箭守卫	0	1	1
0	309	286	弓箭守卫	0	1	1
0	329	289	弓箭守卫	0	1	1
0	355	280	弓箭守卫	0	1	1
0	362	301	弓箭守卫	0	1	1
0	374	291	弓箭守卫	0	1	1
3	325	311	弓箭守卫	0	1	1
3	348	332	弓箭守卫	0	1	1
3	296	334	弓箭守卫	0	1	1
3	302	340	弓箭守卫	0	1	1
3	305	290	弓箭守卫	0	1	1
3	288	305	弓箭守卫	0	1	1
3	302	370	弓箭守卫	0	1	1
3	333	317	弓箭守卫	0	1	1
2	510 	479	弓箭守卫	0	1	1
0	567	621	弓箭守卫	0	1	1
0	600	576	弓箭守卫	0	1	1
0	662	558	弓箭守卫	0	1	1
0	320	36	弓箭守卫	0	1	1
0	327	42	弓箭守卫	0	1	1
1	566	544	弓箭守卫	0	1	1
1	555	544	弓箭守卫	0	1	1
3	273	743	弓箭守卫	0	1	1
3	274	744	弓箭守卫	0	1	1
3	512	770	弓箭守卫	0	1	1
3	519	777	弓箭守卫	0	1	1
2	292	60	弓箭守卫	0	1	1
2	298	65	弓箭守卫	0	1	1
2	552	80	弓箭守卫	0	1	1
2	560	88	弓箭守卫	0	1	1
1	46	39	弓箭守卫	0	1	1
1	52	33	弓箭守卫	0	1	1
5	136	336	弓箭守卫	0	1	1
5	131	301	弓箭守卫	0	1	1
5	140	362	弓箭守卫	0	1	1
5	169	352	弓箭守卫	0	1	1
5	164	357	弓箭守卫	0	1	1
5	122	334	弓箭守卫	0	1	1
5	143	324	弓箭守卫	0	1	1
11	43	480	弓箭守卫	0	1	1
11	49	474	弓箭守卫	0	1	1
11	353	246	弓箭守卫	0	1	1
11	357	243	弓箭守卫	0	1	1
12	327	468	弓箭守卫	0	1	1
12	320	474	弓箭守卫	0	1	1
E605	10	61	弓箭守卫	0	1	20
E605	15	68	弓箭守卫	0	1	20
D601	13	196	弓箭守卫	0	1	20
D601	7	201	弓箭守卫	0	1	20
E601	139	13	弓箭守卫	0	1	20
E601	138	12	弓箭守卫	0	1	20
D422	332	380	弓箭守卫	0	1	20
D422	328	384	弓箭守卫	0	1	20

;地图名：新手练级
0139	25	29	稻草人		30	100	1
0139	25	29	稻草人		30	100	1

;━━━━━━━━━━━━━━━━━━━━━━━━━━━━━━━━	


;封魔谷
1	51	165	弓箭守卫	0	1	1
1	51	172	弓箭守卫	0	1	1
4	443	184	恶魔弓箭手	0	1	1
4	443	192	恶魔弓箭手	0	1	1
4	256	231	恶魔弓箭手	0	1	1
4	251	236	恶魔弓箭手	0	1	1
4	255	230	恶魔弓箭手	0	1	1
4	250	235	恶魔弓箭手	0	1	1
4	254	229	恶魔弓箭手	0	1	1
4	249	234	恶魔弓箭手	0	1	1
4	253	228	恶魔弓箭手	0	1	1
4	248	233	恶魔弓箭手	0	1	1
4	252	227	恶魔弓箭手	0	1	1
4	247	232	恶魔弓箭手	0	1	1
4	257	186	恶魔弓箭手	0	1	1
4	253	183	恶魔弓箭手	0	1	1
4	256	187	恶魔弓箭手	0	1	1
4	252	184	恶魔弓箭手	0	1	1
4	255	188	恶魔弓箭手	0	1	1
4	251	185	恶魔弓箭手	0	1	1
4	254	189	恶魔弓箭手	0	1	1
4	250	186	恶魔弓箭手	0	1	1
4	253	190	恶魔弓箭手	0	1	1
4	249	187	恶魔弓箭手	0	1	1
4	215	193	恶魔弓箭手	0	1	1
4	219	189	恶魔弓箭手	0	1	1

;-----------------------------------------------------
; 新手地图
xsdt    130    120     魔龙巨蛾       100    20      20
xsdt    130    120     魔龙力士       100    20      20
xsdt    130    120     魔龙战将       100    20      20
xsdt    130    120     暗之魔龙力士   100      20    20
xsdt    130    120     暗之魔龙战将   100      20    20
xsdt    130    120     暗之魔龙巨蛾   100      20    20
xsdt    130    120     魔龙教主1      100     8      59
xsdt    130    120     魔影巨人1      100     8      58
xsdt    130    120     灵魂收割者1    100      8     58
xsdt    130    120     蓝影刀客1      100     8      58
xsdt    130    120     上古黄金龙1    100      8     58
xsdt    130    120     上古蛛后1      100     8      58
xsdt    130    120     远古恶魔1      100     8      58
xsdt    130    120     远古牛尊1      100     8      58

;初级地图  王者禁地
H106    100    100   魔龙巨蛾       100      20      20
H106    100    100   魔龙力士       100      20      20
H106    100    100   魔龙战将       100      20      20
H106    100    100   暗之魔龙力士   100      20      20
H106    100    100   暗之魔龙战将   100      20      20
H106    100    100   暗之魔龙巨蛾   100      20      20
H106    100    100   魔龙教主1      100       5      59
H106    100    100   魔影巨人1      100       5      58
H106    100    100   灵魂收割者1    100        5     58
H106    100    100   蓝影刀客1      100       5      58
H106    100    100   上古黄金龙1    100        5     58
H106    100    100   上古蛛后1      100       5      58
H106    100    100   远古恶魔1      100       5      58
H106    100    100   远古牛尊1      100       5      58
;初级地图  玛雅神殿 1
Fama1    48  48      魔龙巨蛾       50      20      20
Fama1    48  48      魔龙力士       50      20      20
Fama1    48  48      魔龙战将       50     20      20
Fama1    48  48      暗之魔龙力士   50      20      20
Fama1    48  48      暗之魔龙战将   50   20      20
Fama1    48  48      暗之魔龙巨蛾   50   20      20
Fama1    48  48      魔龙教主1    50      2      59
Fama1    48  48      魔影巨人1    50      2      58
Fama1    48  48      灵魂收割者1   50     2     58
Fama1    48  48      蓝影刀客1    50      2      58
Fama1    48  48      上古黄金龙1   50     2     58
Fama1    48  48      上古蛛后1    50      2      58
Fama1    48  48      远古恶魔1    50      2      58
Fama1    48  48      远古牛尊1    50      2      58

;初级地图  玛雅神殿 2
Fama2    45  45      魔龙巨蛾       50      20      20
Fama2    45  45      魔龙力士       50      20      20
Fama2    45  45      魔龙战将       50     20      20
Fama2    45  45      暗之魔龙力士   50      20      20
Fama2    45  45      暗之魔龙战将   50   20      20
Fama2    45  45      暗之魔龙巨蛾   50   20      20
Fama2    45  45      魔龙教主1    50      2      59
Fama2    45  45      魔影巨人1    50      2      58
Fama2    45  45      灵魂收割者1   50     2     58
Fama2    45  45      蓝影刀客1    50      2      58
Fama2    45  45      上古黄金龙1   50     2     58
Fama2    45  45      上古蛛后1    50      2      58
Fama2    45  45      远古恶魔1    50      2      58
Fama2    45  45      远古牛尊1    50      2      58
;初级地图  玛雅神殿 3
Fama3    44  50      魔龙巨蛾       50      20      20
Fama3    44  50      魔龙力士       50      20      20
Fama3    44  50      魔龙战将       50     20      20
Fama3    44  50      暗之魔龙力士   50      20      20
Fama3    44  50      暗之魔龙战将   50   20      20
Fama3    44  50      暗之魔龙巨蛾   50   20      20
Fama3    44  50      魔龙教主1    50      2      59
Fama3    44  50      魔影巨人1    50      2      58
Fama3    44  50      灵魂收割者1   50     2     58
Fama3    44  50      蓝影刀客1    50      2      58
Fama3    44  50      上古黄金龙1   50     2     58
Fama3    44  50      上古蛛后1    50      2      58
Fama3    44  50      远古恶魔1    50      2      58
Fama3    44  50      远古牛尊1    50      2      58

;初级地图  玛雅皇宫
Fama4    20   30      魔龙巨蛾       50   10      20
Fama4    20   30      魔龙力士       50   10      20
Fama4    20   30      魔龙战将       50   10     20
Fama4    20   30      暗之魔龙力士   50     10    20
Fama4    20   30      暗之魔龙战将   50   10      20
Fama4    20   30      暗之魔龙巨蛾   50   10      20
Fama4    20   30      魔龙教主1    50      2      59
Fama4    20   30      魔影巨人1    50      2      58
Fama4    20   30      灵魂收割者1   50     2     58
Fama4    20   30      蓝影刀客1    50      2      58
Fama4    20   30      上古黄金龙1   50     2     58
Fama4    20   30      上古蛛后1    50      2      58
Fama4    20   30      远古恶魔1    50      2      58
Fama4    20   30      远古牛尊1    50      2      58

;初级地图 龙源血路

65    142  99      魔龙巨蛾       50   10      20
65    142  99      魔龙力士       50   10      20
65    142  99      魔龙战将       50   10     20
65    142  99      暗之魔龙力士   50     10    20
65    142  99      暗之魔龙战将   50   10      20
65    142  99      暗之魔龙巨蛾   50   10      20
65    142  99      魔龙教主1    50      2      59
65    142  99      魔影巨人1    50      2      58
65    142  99      灵魂收割者1   50     2     58
65    142  99      蓝影刀客1    50      2      58
65    142  99      上古黄金龙1   50     2     58
65    142  99      上古蛛后1    50      2      58
65    142  99      远古恶魔1    50      2      58
65    142  99      远古牛尊1    50      2      58

;初级地图 地下皇陵 1

di1    50   50      魔龙巨蛾       50   10      20
di1    50   50      魔龙力士       50   10      20
di1    50   50      魔龙战将       50   10     20
di1    50   50      暗之魔龙力士   50     10    20
di1    50   50      暗之魔龙战将   50   10      20
di1    50   50      暗之魔龙巨蛾   50   10      20
di1    50   50      魔龙教主1    50      2      59
di1    50   50      魔影巨人1    50      2      58
di1    50   50      灵魂收割者1   50     2     58
di1    50   50      蓝影刀客1    50      2      58
di1    50   50      上古黄金龙1   50     2     58
di1    50   50      上古蛛后1    50      2      58
di1    50   50      远古恶魔1    50      2      58
di1    50   50      远古牛尊1    50      2      58


;初级地图 地下皇陵2

di2    150  150      魔龙巨蛾     100     10      20
di2    150  150      魔龙力士     100     10      20
di2    150  150      魔龙战将     100     10     20
di2    150  150      暗之魔龙力士   100     10    20
di2    150  150      暗之魔龙战将   100   10      20
di2    150  150      暗之魔龙巨蛾   100   10      20
di2    150  150      魔龙教主1    100      2      59
di2    150  150      魔影巨人1    100      2      58
di2    150  150      灵魂收割者1   100     2     58
di2    150  150      蓝影刀客1    100      2      58
di2    150  150      上古黄金龙1   100     2     58
di2    150  150      上古蛛后1    100      2      58
di2    150  150      远古恶魔1    100      2      58
di2    150  150      远古牛尊1    100      2      58


;初级地图 地下皇陵3

di3    50  50      魔龙巨蛾       50   10      20
di3    50  50      魔龙力士       50   10      20
di3    50  50      魔龙战将       50   10     20
di3    50  50      暗之魔龙力士   50     10    20
di3    50  50      暗之魔龙战将   50   10      20
di3    50  50      暗之魔龙巨蛾   50   10      20
di3    50  50      魔龙教主1    50      2      59
di3    50  50      魔影巨人1    50      2      58
di3    50  50      灵魂收割者1   50     2     58
di3    50  50      蓝影刀客1    50      2      58
di3    50  50      上古黄金龙1   50     2     58
di3    50  50      上古蛛后1    50      2      58
di3    50  50      远古恶魔1    50      2      58
di3    50  50      远古牛尊1    50      2      58

;高级地图 BOSS  1

BOSSG    20  20      魔龙巨蛾       50  5      20
BOSSG    20  20      魔龙力士       50  5      20
BOSSG    20  20      魔龙战将       50  5     20
BOSSG    20  20      暗之魔龙力士   50    5    20
BOSSG    20  20      暗之魔龙战将   50    5    20
BOSSG    20  20      暗之魔龙巨蛾   50    5    20
BOSSG    20  20      魔龙教主1    50     1      59
BOSSG    20  20      魔影巨人1    50     1      58
BOSSG    20  20      灵魂收割者1   50     1    58
BOSSG    20  20      蓝影刀客1    50     1      58
BOSSG    20  20      上古黄金龙1   50     1    58
BOSSG    20  20      上古蛛后1    50     1      58
BOSSG    20  20      远古恶魔1    50     1      58
BOSSG    20  20      远古牛尊1    50     1      58

;高级地图 BOSS  2

BOSS8   65   65      魔龙巨蛾       50  10      20
BOSS8   65   65      魔龙力士       50  10      20
BOSS8   65   65      魔龙战将       50  10     20
BOSS8   65   65      暗之魔龙力士   50    10    20
BOSS8   65   65      暗之魔龙战将   50    10    20
BOSS8   65   65      暗之魔龙巨蛾   50    10    20
BOSS8   65   65      魔龙教主1    50     1      59
BOSS8   65   65      魔影巨人1    50     1      58
BOSS8   65   65      灵魂收割者1   50     1    58
BOSS8   65   65      蓝影刀客1    50     1      58
BOSS8   65   65      上古黄金龙1   50     1    58
BOSS8   65   65      上古蛛后1    50     1      58
BOSS8   65   65      远古恶魔1    50     1      58
BOSS8   65   65      远古牛尊1    50     1      58

;高级地图 幽冥古墓 1

YMGM1   50   50      魔龙巨蛾       50  20      20
YMGM1   50   50      魔龙力士       50  20      20
YMGM1   50   50      魔龙战将       50  20     20
YMGM1   50   50      暗之魔龙力士   50    20    20
YMGM1   50   50      暗之魔龙战将   50    20    20
YMGM1   50   50      暗之魔龙巨蛾   50    20    20
YMGM1   50   50      魔龙教主1    50     1      59
YMGM1   50   50      魔影巨人1    50     1      58
YMGM1   50   50      灵魂收割者1   50     1    58
YMGM1   50   50      蓝影刀客1    50     1      58
YMGM1   50   50      上古黄金龙1   50     1    58
YMGM1   50   50      上古蛛后1    50     1      58
YMGM1   50   50      远古恶魔1    50     1      58
YMGM1   50   50      远古牛尊1    50     1      58

;高级地图 幽冥古墓2

YMGM2   22  22      魔龙巨蛾       50  10      20
YMGM2   22  22      魔龙力士       50  10      20
YMGM2   22  22      魔龙战将       50  10     20
YMGM2   22  22      暗之魔龙力士   50    10    20
YMGM2   22  22      暗之魔龙战将   50    10    20
YMGM2   22  22      暗之魔龙巨蛾   50    10    20
YMGM2   22  22      魔龙教主1    50     1      59
YMGM2   22  22      魔影巨人1    50     1      58
YMGM2   22  22      灵魂收割者1   50     1    58
YMGM2   22  22      蓝影刀客1    50     1      58
YMGM2   22  22      上古黄金龙1   50     1    58
YMGM2   22  22      上古蛛后1    50     1      58
YMGM2   22  22      远古恶魔1    50     1      58
YMGM2   22  22      远古牛尊1    50     1      58


;高级地图 幽冥古墓3

YMGM3   15  18      魔龙巨蛾       50  5      20
YMGM3   15  18      魔龙力士       50  5      20
YMGM3   15  18      魔龙战将       50  5     20
YMGM3   15  18      暗之魔龙力士   50    5    20
YMGM3   15  18      暗之魔龙战将   50    5    20
YMGM3   15  18      暗之魔龙巨蛾   50    5    20
YMGM3   15  18      魔龙教主1    50     1      59
YMGM3   15  18      魔影巨人1    50     1      58
YMGM3   15  18      灵魂收割者1   50     1    58
YMGM3   15  18      蓝影刀客1    50     1      58
YMGM3   15  18      上古黄金龙1   50     1    58
YMGM3   15  18      上古蛛后1    50     1      58
YMGM3   15  18      远古恶魔1    50     1      58
YMGM3   15  18      远古牛尊1    50     1      58

;超级地图 九龙坡

jz111   88  88      魔龙巨蛾       50  20     20
jz111   88  88      魔龙力士       50  20     20
jz111   88  88      魔龙战将       50  20    20
jz111   88  88      暗之魔龙力士   50    20   20
jz111   88  88      暗之魔龙战将   50    20   20
jz111   88  88      暗之魔龙巨蛾   50    20   20
jz111   88  88      魔龙教主1    50     3      59
jz111   88  88      魔影巨人1    50     3      58
jz111   88  88      灵魂收割者1   50     3    58
jz111   88  88      蓝影刀客1    50     3      58
jz111   88  88      上古黄金龙1   50     3    58
jz111   88  88      上古蛛后1    50     3      58
jz111   88  88      远古恶魔1    50     3      58
jz111   88  88      远古牛尊1    50     3      58


;超级地图 无常殿

SHANG0    50   50      魔龙巨蛾       50   10      20
SHANG0    50   50      魔龙力士       50   10      20
SHANG0    50   50      魔龙战将       50   10     20
SHANG0    50   50      暗之魔龙力士   50     10    20
SHANG0    50   50      暗之魔龙战将   50   10      20
SHANG0    50   50      暗之魔龙巨蛾   50   10      20
SHANG0    50   50      魔龙教主1    50      2      59
SHANG0    50   50      魔影巨人1    50      2      58
SHANG0    50   50      灵魂收割者1   50     2     58
SHANG0    50   50      蓝影刀客1    50      2      58
SHANG0    50   50      上古黄金龙1   50     2     58
SHANG0    50   50      上古蛛后1    50      2      58
SHANG0    50   50      远古恶魔1    50      2      58
SHANG0    50   50      远古牛尊1    50      2      58


;超级地图 遗忘之都

GAOJI1   22  22      魔龙巨蛾       50  10      20
GAOJI1   22  22      魔龙力士       50  10      20
GAOJI1   22  22      魔龙战将       50  10     20
GAOJI1   22  22      暗之魔龙力士   50    10    20
GAOJI1   22  22      暗之魔龙战将   50    10    20
GAOJI1   22  22      暗之魔龙巨蛾   50    10    20
GAOJI1   22  22      魔龙教主1    50     1      59
GAOJI1   22  22      魔影巨人1    50     1      58
GAOJI1   22  22      灵魂收割者1   50     1    58
GAOJI1   22  22      蓝影刀客1    50     1      58
GAOJI1   22  22      上古黄金龙1   50     1    58
GAOJI1   22  22      上古蛛后1    50     1      58
GAOJI1   22  22      远古恶魔1    50     1      58
GAOJI1   22  22      远古牛尊1    50     1      58


;超级地图 天空之城

GAOJI2   34   32      魔龙巨蛾       50  10      20
GAOJI2   34   32      魔龙力士       50  10      20
GAOJI2   34   32      魔龙战将       50  10     20
GAOJI2   34   32      暗之魔龙力士   50    10    20
GAOJI2   34   32      暗之魔龙战将   50    10    20
GAOJI2   34   32      暗之魔龙巨蛾   50    10    20
GAOJI2   34   32      魔龙教主1    50     1      59
GAOJI2   34   32      魔影巨人1    50     1      58
GAOJI2   34   32      灵魂收割者1   50     1    58
GAOJI2   34   32      蓝影刀客1    50     1      58
GAOJI2   34   32      上古黄金龙1   50     1    58
GAOJI2   34   32      上古蛛后1    50     1      58
GAOJI2   34   32      远古恶魔1    50     1      58
GAOJI2   34   32      远古牛尊1    50     1      58


;超级地图 至尊殿堂

zzdt   27  25      魔龙巨蛾       50  10      20
zzdt   27  25      魔龙力士       50  10      20
zzdt   27  25      魔龙战将       50  10     20
zzdt   27  25      暗之魔龙力士   50    10    20
zzdt   27  25      暗之魔龙战将   50    10    20
zzdt   27  25      暗之魔龙巨蛾   50    10    20
zzdt   27  25      魔龙教主1    50     1      59
zzdt   27  25      魔影巨人1    50     1      58
zzdt   27  25      灵魂收割者1   50     1    58
zzdt   27  25      蓝影刀客1    50     1      58
zzdt   27  25      上古黄金龙1   50     1    58
zzdt   27  25      上古蛛后1    50     1      58
zzdt   27  25      远古恶魔1    50     1      58
zzdt   27  25      远古牛尊1    50     1      58



;超级地图 暴风神殿

bfsd   27  25      魔龙巨蛾     100    20      20
bfsd   27  25      魔龙力士     100    20      20
bfsd   27  25      魔龙战将     100    20     20
bfsd   27  25      暗之魔龙力士   100    20    20
bfsd   27  25      暗之魔龙战将   100    20    20
bfsd   27  25      暗之魔龙巨蛾   100    20    20
bfsd   27  25      魔龙教主1    100     4      59
bfsd   27  25      魔影巨人1    100     4      58
bfsd   27  25      灵魂收割者1   100     4    58
bfsd   27  25      蓝影刀客1    100     4      58
bfsd   27  25      上古黄金龙1   100     4    58
bfsd   27  25      上古蛛后1    100     4      58
bfsd   27  25      远古恶魔1    100     4      58
bfsd   27  25      远古牛尊1    100     4      58

;深兰幽谷
slyg   100  100       魔龙巨蛾     100    20      20
slyg   100  100       魔龙力士     100    20      20
slyg   100  100       魔龙战将     100    20     20
slyg   100  100       暗之魔龙力士   100    20    20
slyg   100  100       暗之魔龙战将   100    20    20
slyg   100  100       暗之魔龙巨蛾   100    20    20
slyg   100  100       魔龙教主2    100     4      59
slyg   100  100       魔影巨人2    100     4      58
slyg   100  100       灵魂收割者2   100     4    58
slyg   100  100       蓝影刀客2    100     4      58
slyg   100  100       上古黄金龙2   100     4    58
slyg   100  100       上古蛛后2    100     4      58
slyg   100  100       远古恶魔2    100     4      58
slyg   100  100       远古牛尊2    100     4      58
slyg   100  100       如龙魔尊2    100     4      58
slyg   100  100        如龙魔王2    100     4      58

;焚天炼狱
ftly   100  100       魔龙巨蛾     100   20      20
ftly   100  100       魔龙力士     100   20      20
ftly   100  100       魔龙战将     100   20     20
ftly   100  100       暗之魔龙力士   100   20    20
ftly   100  100       暗之魔龙战将   100   20    20
ftly   100  100       暗之魔龙巨蛾   100   20    20
ftly   100  100       魔龙教主2    100     4      59
ftly   100  100       魔影巨人2    100     4      58
ftly   100  100       灵魂收割者2   100     4    58
ftly   100  100       蓝影刀客2    100     4      58
ftly   100  100       上古黄金龙2   100     4    58
ftly   100  100       上古蛛后2    100     4      58
ftly   100  100       远古恶魔2    100     4      58
ftly   100  100       远古牛尊2    100     4      58
ftly   100  100       如龙魔尊2    100     4      58
ftly   100  100       如龙魔王2    100     4      58


;封魔古迹
fmgj   50  20        魔龙巨蛾     50   10      20
fmgj   50  20        魔龙力士     50   10      20
fmgj   50  20        魔龙战将     50   10     20
fmgj   50  20        暗之魔龙力士   50   10    20
fmgj   50  20        暗之魔龙战将   50   10    20
fmgj   50  20        暗之魔龙巨蛾   50   10    20
fmgj   50  20        魔龙教主2    50     2     59
fmgj   50  20        魔影巨人2    50     2     58
fmgj   50  20        灵魂收割者2   50     2   58
fmgj   50  20        蓝影刀客2    50     2     58
fmgj   50  20        上古黄金龙2   50     2   58
fmgj   50  20        上古蛛后2    50     2     58
fmgj   50  20        远古恶魔2    50     2     58
fmgj   50  20        远古牛尊2    50     2     58
fmgj   50  20        如龙魔尊2    50     2     58
fmgj   50  20        如龙魔王2   50     2     58



;精绝古关
jjgg  90  100         魔龙巨蛾     100    20      20
jjgg  90  100         魔龙力士     100    20      20
jjgg  90  100         魔龙战将     100    20     20
jjgg  90  100         暗之魔龙力士   100    20    20
jjgg  90  100         暗之魔龙战将   100    20    20
jjgg  90  100         暗之魔龙巨蛾   100    20    20
jjgg  90  100         魔龙教主2    100     4      59
jjgg  90  100         魔影巨人2    100     4      58
jjgg  90  100         灵魂收割者2   100     4    58
jjgg  90  100         蓝影刀客2    100     4      58
jjgg  90  100         上古黄金龙2   100     4    58
jjgg  90  100         上古蛛后2    100     4      58
jjgg  90  100         远古恶魔2    100     4      58
jjgg  90  100         远古牛尊2    100     4      58
jjgg  90  100         如龙魔尊2    100     4      58
jjgg  90  100         如龙魔王2   100     4      58


;葬神沙漠
zssm  50  50        魔龙巨蛾     50   10      20
zssm  50  50        魔龙力士     50   10      20
zssm  50  50        魔龙战将     50   10     20
zssm  50  50        暗之魔龙力士   50   10    20
zssm  50  50        暗之魔龙战将   50   10    20
zssm  50  50        暗之魔龙巨蛾   50   10    20
zssm  50  50        魔龙教主2    50     2     59
zssm  50  50        魔影巨人2    50     2     58
zssm  50  50        灵魂收割者2   50     2   58
zssm  50  50        蓝影刀客2    50     2     58
zssm  50  50        上古黄金龙2   50     2   58
zssm  50  50        上古蛛后2    50     2     58
zssm  50  50        远古恶魔2    50     2     58
zssm  50  50        远古牛尊2    50     2     58
zssm  50  50        如龙魔尊2    50     2     58
zssm  50  50        如龙魔王2   50     2     58


;荒古剑冢
hgjz  95  95         魔龙巨蛾     100   20      20
hgjz  95  95         魔龙力士     100   20      20
hgjz  95  95         魔龙战将     100   20     20
hgjz  95  95         暗之魔龙力士   100   20    20
hgjz  95  95         暗之魔龙战将   100   20    20
hgjz  95  95         暗之魔龙巨蛾   100   20    20
hgjz  95  95         魔龙教主2    100     4      59
hgjz  95  95         魔影巨人2    100     4      58
hgjz  95  95         灵魂收割者2   100     4    58
hgjz  95  95         蓝影刀客2    100     4      58
hgjz  95  95         上古黄金龙2   100     4    58
hgjz  95  95         上古蛛后2    100     4      58
hgjz  95  95         远古恶魔2    100     4      58
hgjz  95  95         远古牛尊2    100     4      58
hgjz  95  95         如龙魔尊2    100     4      58
hgjz  95  95         如龙魔王2    100     4      58

;荒古剑冢
hshg  46  46          魔龙巨蛾     50   10      20
hshg  46  46          魔龙力士     50   10      20
hshg  46  46          魔龙战将     50   10     20
hshg  46  46          暗之魔龙力士   50   10    20
hshg  46  46          暗之魔龙战将   50   10    20
hshg  46  46          暗之魔龙巨蛾   50   10    20
hshg  46  46          魔龙教主2    50     2     59
hshg  46  46          魔影巨人2    50     2     58
hshg  46  46          灵魂收割者2   50     2   58
hshg  46  46          蓝影刀客2    50     2     58
hshg  46  46          上古黄金龙2   50     2   58
hshg  46  46          上古蛛后2    50     2     58
hshg  46  46          远古恶魔2    50     2     58
hshg  46  46          远古牛尊2    50     2     58
hshg  46  46          如龙魔尊2    50     2     58
hshg  46  46          如龙魔王2    50     2     58


;;传说●宝阁

csbg  60  60          魔龙巨蛾     50   10      20
csbg  60  60          魔龙力士     50   10      20
csbg  60  60          魔龙战将     50   10     20
csbg  60  60          暗之魔龙力士   50   10    20
csbg  60  60          暗之魔龙战将   50   10    20
csbg  60  60          暗之魔龙巨蛾   50   10    20
csbg  60  60          魔龙教主3    50     2     59
csbg  60  60          魔影巨人3    50     2     58
csbg  60  60          灵魂收割者3   50     2   58
csbg  60  60          蓝影刀客3    50     2     58
csbg  60  60          上古黄金龙3   50     2   58
csbg  60  60          上古蛛后3    50     2     58
csbg  60  60          远古恶魔3    50     2     58
csbg  60  60          远古牛尊3    50     2     58
csbg  60  60          如龙魔尊3   50     2     58
csbg  60  60          如龙魔王3    50     2     58
csbg  60  60          传说教主   50     2     58


;;征战●圣殿
zzsd  30   30          魔龙巨蛾     50   10      20
zzsd  30   30          魔龙力士     50   10      20
zzsd  30   30          魔龙战将     50   10     20
zzsd  30   30          暗之魔龙力士   50   10    20
zzsd  30   30          暗之魔龙战将   50   10    20
zzsd  30   30          暗之魔龙巨蛾   50   10    20
zzsd  30   30          魔龙教主3    50     2     59
zzsd  30   30          魔影巨人3    50     2     58
zzsd  30   30          灵魂收割者3   50     2   58
zzsd  30   30          蓝影刀客3    50     2     58
zzsd  30   30          上古黄金龙3   50     2   58
zzsd  30   30          上古蛛后3    50     2     58
zzsd  30   30          远古恶魔3    50     2     58
zzsd  30   30          远古牛尊3    50     2     58
zzsd  30   30          如龙魔尊3    50     2     58
zzsd  30   30          如龙魔王3    50     2     58
zzsd  30   30          征战教主    50     2     58

;;不灭●绝疆
bmjj  50   50          魔龙巨蛾     50   10      20
bmjj  50   50          魔龙力士     50   10      20
bmjj  50   50          魔龙战将     50   10     20
bmjj  50   50          暗之魔龙力士   50   10    20
bmjj  50   50          暗之魔龙战将   50   10    20
bmjj  50   50          暗之魔龙巨蛾   50   10    20
bmjj  50   50          魔龙教主3    50     2     59
bmjj  50   50          魔影巨人3    50     2     58
bmjj  50   50          灵魂收割者3   50     2   58
bmjj  50   50          蓝影刀客3    50     2     58
bmjj  50   50          上古黄金龙3   50     2   58
bmjj  50   50          上古蛛后3   50     2     58
bmjj  50   50          远古恶魔3   50     2     58
bmjj  50   50          远古牛尊3   50     2     58
bmjj  50   50          如龙魔尊3   50     2     58
bmjj  50   50          如龙魔王3   50     2     58
bmjj  50   50          不灭教主    50     2     58



;;⑻臁袷ス
stsh  50   50          魔龙巨蛾     50   10      20
stsh  50   50          魔龙力士     50   10      20
stsh  50   50          魔龙战将     50   10     20
stsh  50   50          暗之魔龙力士   50   10    20
stsh  50   50          暗之魔龙战将   50   10    20
stsh  50   50          暗之魔龙巨蛾   50   10    20
stsh  50   50          魔龙教主3   50     2     59
stsh  50   50          魔影巨人3   50     2     58
stsh  50   50          灵魂收割者3   50     2   58
stsh  50   50          蓝影刀客3    50     2     58
stsh  50   50          上古黄金龙3   50     2   58
stsh  50   50          上古蛛后3    50     2     58
stsh  50   50          远古恶魔3    50     2     58
stsh  50   50          远古牛尊3    50     2     58
stsh  50   50          如龙魔尊3    50     2     58
stsh  50   50          如龙魔王3    50     2     58
stsh  50   50          ⑻旖讨    50     2     58

;;弑血●领地
sxld  50   50          魔龙巨蛾     50   10      20
sxld  50   50          魔龙力士     50   10      20
sxld  50   50          魔龙战将     50   10     20
sxld  50   50          暗之魔龙力士   50   10    20
sxld  50   50          暗之魔龙战将   50   10    20
sxld  50   50          暗之魔龙巨蛾   50   10    20
sxld  50   50          魔龙教主3   50     2     59
sxld  50   50          魔影巨人3   50     2     58
sxld  50   50          灵魂收割者3   50     2   58
sxld  50   50          蓝影刀客3    50     2     58
sxld  50   50          上古黄金龙3   50     2   58
sxld  50   50          上古蛛后3    50     2     58
sxld  50   50          远古恶魔3    50     2     58
sxld  50   50          远古牛尊3    50     2     58
sxld  50   50          如龙魔尊3    50     2     58
sxld  50   50          如龙魔王3    50     2     58
sxld  50   50          弑血教主    50     2     58



;;缥缈●仙境
pmxj  100   100          魔龙巨蛾     100  20     20
pmxj  100   100          魔龙力士     100  20     20
pmxj  100   100          魔龙战将     100  20    20
pmxj  100   100          暗之魔龙力士   100  20   20
pmxj  100   100          暗之魔龙战将   100  20   20
pmxj  100   100          暗之魔龙巨蛾   100  20   20
pmxj  100   100          魔龙教主3    100    5    59
pmxj  100   100          魔影巨人3    100    5    58
pmxj  100   100          灵魂收割者3   100    5  58
pmxj  100   100          蓝影刀客3    100    5    58
pmxj  100   100          上古黄金龙3   100    5  58
pmxj  100   100          上古蛛后3    100    5    58
pmxj  100   100          远古恶魔3   100    5    58
pmxj  100   100          远古牛尊3   100    5    58
pmxj  100   100          如龙魔尊3   100    5    58
pmxj  100   100          如龙魔王3   100    5    58
pmxj  100   100          缥缈教主    100    2     58

;;如●魔域
rlmy  100   100          魔龙巨蛾     100   20     20
rlmy  100   100          魔龙力士     100   20     20
rlmy  100   100          魔龙战将     100   20    20
rlmy  100   100          暗之魔龙力士   100   20   20
rlmy  100   100          暗之魔龙战将   100   20   20
rlmy  100   100          暗之魔龙巨蛾   100   20   20
rlmy  100   100          魔龙教主3    100    5    59
rlmy  100   100          魔影巨人3    100    5    58
rlmy  100   100          灵魂收割者3   100    5  58
rlmy  100   100          蓝影刀客3    100    5    58
rlmy  100   100          上古黄金龙3   100    5  58
rlmy  100   100          上古蛛后3    100    5    58
rlmy  100   100          远古恶魔3    100    5    58
rlmy  100   100          远古牛尊3    100    5    58
rlmy  100   100          如龙魔尊3    100    5    58
rlmy  100   100          如龙魔王3    100    5    58
rlmy  100   100          如龙教主    100    2     58



;;上古・残阵
sgcz  50   50          魔龙巨蛾     100   20     20
sgcz  50   50          魔龙力士     100   20     20
sgcz  50   50          魔龙战将     100   20    20
sgcz  50   50          暗之魔龙力士   100   20   20
sgcz  50   50          暗之魔龙战将   100   20   20
sgcz  50   50          暗之魔龙巨蛾   100   20   20
sgcz  50   50          魔龙教主3    100    5    59
sgcz  50   50          魔影巨人3    100    5    58
sgcz  50   50          灵魂收割者3   100    5  58
sgcz  50   50          蓝影刀客3    100    5    58
sgcz  50   50          上古黄金龙3   100    5  58
sgcz  50   50          上古蛛后3    100    5    58
sgcz  50   50          远古恶魔3    100    5    58
sgcz  50   50          远古牛尊3    100    5    58
sgcz  50   50          如龙魔尊3    100    5    58
sgcz  50   50          如龙魔王3    100    5    58
sgcz  98   98          残阵庄主     10      1    58


;;幻海・绿洲
hhlz 100  100        魔龙巨蛾     100   20     20
hhlz 100  100        魔龙力士     100   20     20
hhlz 100  100        魔龙战将     100   20    20
hhlz 100  100        暗之魔龙力士   100   20   20
hhlz 100  100        暗之魔龙战将   100   20   20
hhlz 100  100        暗之魔龙巨蛾   100   20   20
hhlz 100  100        魔龙教主3    100    5    59
hhlz 100  100        魔影巨人3    100    5    58
hhlz 100  100        灵魂收割者3   100    5  58
hhlz 100  100        蓝影刀客3    100    5    58
hhlz 100  100        上古黄金龙3   100    5  58
hhlz 100  100        上古蛛后3    100    5    58
hhlz 100  100        远古恶魔3    100    5    58
hhlz 100  100        远古牛尊3    100    5    58
hhlz 100  100        如龙魔尊3    100    5    58
hhlz 100  100        如龙魔王3    100    5    58
hhlz  98   98          绿洲庄主     10      1    58



;;幽冥・鬼域
ymgy  50  50        魔龙巨蛾     100  10     20
ymgy  50  50        魔龙力士     100  10     20
ymgy  50  50        魔龙战将     100  10    20
ymgy  50  50        暗之魔龙力士   100  10   20
ymgy  50  50        暗之魔龙战将   100  10   20
ymgy  50  50        暗之魔龙巨蛾   100  10   20
ymgy  50  50        魔龙教主3    100   2   59
ymgy  50  50        魔影巨人3    100   2   58
ymgy  50  50        灵魂收割者3   100   2 58
ymgy  50  50        蓝影刀客3    100   2   58
ymgy  50  50        上古黄金龙3   100   2 58
ymgy  50  50        上古蛛后3    100   2   58
ymgy  50  50        远古恶魔3    100   2   58
ymgy  50  50        远古牛尊3    100   2   58
ymgy  50  50        如龙魔尊3    100   2   58
ymgy  50  50        如龙魔王3    100   2   58
ymgy  78   30       鬼域庄主     10      1    58



;;如・山庄
rlsz  50  50        魔龙巨蛾     100  10     20
rlsz  50  50        魔龙力士     100  10     20
rlsz  50  50        魔龙战将     100  10    20
rlsz  50  50        暗之魔龙力士   100   10   20
rlsz  50  50        暗之魔龙战将   100   10   20
rlsz  50  50        暗之魔龙巨蛾   100   10   20
rlsz  50  50        魔龙教主3    100    2    59
rlsz  50  50        魔影巨人3    100    2    58
rlsz  50  50        灵魂收割者3   100    2  58
rlsz  50  50        蓝影刀客3    100    2    58
rlsz  50  50        上古黄金龙3   100    2  58
rlsz  50  50        上古蛛后3    100    2    58
rlsz  50  50        远古恶魔3    100    2    58
rlsz  50  50        远古牛尊3    100    2    58
rlsz  50  50        如龙魔尊3    100    2    58
rlsz  50  50        如龙魔王3    100    2    58
rlsz  50   50       如龙庄主     5      1    58


;赤月天山 1

cyts1  50  30        魔龙巨蛾     100  5    20
cyts1  50  30        魔龙力士     100  5    20
cyts1  50  30        魔龙战将     100  5   20
cyts1  50  30        暗之魔龙力士   100  5   20
cyts1  50  30        暗之魔龙战将   100  5   20
cyts1  50  30        暗之魔龙巨蛾   100  5   20
cyts1  50  30        魔龙教主5    100    1    59
cyts1  50  30        魔影巨人5    100    1    58
cyts1  50  30        灵魂收割者5   100    1  58
cyts1  50  30        蓝影刀客5    100    1    58
cyts1  50  30        上古黄金龙5   100    1  58
cyts1  50  30        上古蛛后5    100    1    58
cyts1  50  30        远古恶魔5    100    1    58
cyts1  50  30        远古牛尊5    100    1    58
cyts1  50  30        如龙魔尊5    100    1    58
cyts1  50  30        如龙魔王5    100    1    58
cyts1  50  30        如战帝     5      1    65


;赤月天山 2

cyts2  93  98        魔龙巨蛾     100  10    20
cyts2  93  98        魔龙力士     100  10    20
cyts2  93  98        魔龙战将     100  10   20
cyts2  93  98        暗之魔龙力士   100  10   20
cyts2  93  98        暗之魔龙战将   100  10   20
cyts2  93  98        暗之魔龙巨蛾   100  10   20
cyts2  93  98        魔龙教主5    100    1    59
cyts2  93  98        魔影巨人5    100    1    58
cyts2  93  98        灵魂收割者5   100    1  58
cyts2  93  98        蓝影刀客5    100    1    58
cyts2  93  98        上古黄金龙5   100    1  58
cyts2  93  98        上古蛛后5    100    1    58
cyts2  93  98        远古恶魔5    100    1    58
cyts2  93  98        远古牛尊5    100    1    58
cyts2  93  98        如龙魔尊5    100    1    58
cyts2  93  98        如龙魔王5    100    1    58
cyts2  93  98        如道帝     5      1    65




;赤月天山 3

cyts3  93  98        魔龙巨蛾     100  10    20
cyts3  93  98        魔龙力士     100  10    20
cyts3  93  98        魔龙战将     100  10   20
cyts3  93  98        暗之魔龙力士   100  10   20
cyts3  93  98        暗之魔龙战将   100  10   20
cyts3  93  98        暗之魔龙巨蛾   100  10   20
cyts3  93  98        魔龙教主5    100    1    59
cyts3  93  98        魔影巨人5    100    1    58
cyts3  93  98        灵魂收割者5   100    1  58
cyts3  93  98        蓝影刀客5    100    1    58
cyts3  93  98        上古黄金龙5   100    1  58
cyts3  93  98        上古蛛后5    100    1    58
cyts3  93  98        远古恶魔5    100    1    58
cyts3  93  98        远古牛尊5    100    1    58
cyts3  93  98        如龙魔尊5    100    1    58
cyts3  93  98        如龙魔王5    100    1    58
cyts3  93  98        如魔帝     5      1    65



;冰月圣宫 1

bysg1  100  100        魔龙巨蛾     100  5    20
bysg1  100  100        魔龙力士     100  5    20
bysg1  100  100        魔龙战将     100  5   20
bysg1  100  100        暗之魔龙力士   100  5   20
bysg1  100  100        暗之魔龙战将   100  5   20
bysg1  100  100        暗之魔龙巨蛾   100  5   20
bysg1  100  100        魔龙教主5    100    1    59
bysg1  100  100        魔影巨人5    100    1    58
bysg1  100  100        灵魂收割者5   100    1  58
bysg1  100  100        蓝影刀客5    100    1    58
bysg1  100  100        上古黄金龙5   100    1  58
bysg1  100  100        上古蛛后5    100    1    58
bysg1  100  100        远古恶魔5    100    1    58
bysg1  100  100        远古牛尊5    100    1    58
bysg1  100  100        如龙魔尊5    100    1    58
bysg1  100  100        如龙魔王5    100    1    58
bysg1  100  100        如战帝     5      1    65


;冰月圣宫 2

bysg2  100  100        魔龙巨蛾     100  5    20
bysg2  100  100        魔龙力士     100  5    20
bysg2  100  100        魔龙战将     100  5   20
bysg2  100  100        暗之魔龙力士   100  5   20
bysg2  100  100        暗之魔龙战将   100  5   20
bysg2  100  100        暗之魔龙巨蛾   100  5   20
bysg2  100  100        魔龙教主5    100    1    59
bysg2  100  100        魔影巨人5    100    1    58
bysg2  100  100        灵魂收割者5   100    1  58
bysg2  100  100        蓝影刀客5    100    1    58
bysg2  100  100        上古黄金龙5   100    1  58
bysg2  100  100        上古蛛后5    100    1    58
bysg2  100  100        远古恶魔5    100    1    58
bysg2  100  100        远古牛尊5    100    1    58
bysg2  100  100        如龙魔尊5    100    1    58
bysg2  100  100        如龙魔王5    100    1    58
bysg2  100  100        如道帝     5      1    65




;冰月圣宫 3

bysg3  120  130     魔龙巨蛾     100  10    20
bysg3  120  130     魔龙力士     100  10    20
bysg3  120  130     魔龙战将     100  10   20
bysg3  120  130     暗之魔龙力士   100  10   20
bysg3  120  130     暗之魔龙战将   100  10   20
bysg3  120  130     暗之魔龙巨蛾   100  10   20
bysg3  120  130     魔龙教主5    100    1    59
bysg3  120  130     魔影巨人5    100    1    58
bysg3  120  130     灵魂收割者5   100    1  58
bysg3  120  130     蓝影刀客5    100    1    58
bysg3  120  130     上古黄金龙5   100    1  58
bysg3  120  130     上古蛛后5    100    1    58
bysg3  120  130     远古恶魔5    100    1    58
bysg3  120  130     远古牛尊5    100    1    58
bysg3  120  130     如龙魔尊5    100    1    58
bysg3  120  130     如龙魔王5    100    1    58
bysg3  120  130      如魔帝     5      1    65



;玄妖魔殿 1

xymd1  50  50     魔龙巨蛾     100  10    20
xymd1  50  50     魔龙力士     100  10    20
xymd1  50  50     魔龙战将     100  10   20
xymd1  50  50     暗之魔龙力士   100  10   20
xymd1  50  50     暗之魔龙战将   100  10   20
xymd1  50  50     暗之魔龙巨蛾   100  10   20
xymd1  50  50     魔龙教主5    100    1    59
xymd1  50  50     魔影巨人5    100    1    58
xymd1  50  50     灵魂收割者5   100    1  58
xymd1  50  50     蓝影刀客5    100    1    58
xymd1  50  50     上古黄金龙5   100    1  58
xymd1  50  50     上古蛛后5    100    1    58
xymd1  50  50     远古恶魔5    100    1    58
xymd1  50  50     远古牛尊5    100    1    58
xymd1  50  50     如龙魔尊5    100    1    58
xymd1  50  50     如龙魔王5    100    1    58
xymd1  50  50      如战帝     5      1    65



;玄妖魔殿 2

xymd2  50  50     魔龙巨蛾     100  10    20
xymd2  50  50     魔龙力士     100  10    20
xymd2  50  50     魔龙战将     100  10   20
xymd2  50  50     暗之魔龙力士   100  10   20
xymd2  50  50     暗之魔龙战将   100  10   20
xymd2  50  50     暗之魔龙巨蛾   100  10   20
xymd2  50  50     魔龙教主5    100    1    59
xymd2  50  50     魔影巨人5    100    1    58
xymd2  50  50     灵魂收割者5   100    1  58
xymd2  50  50     蓝影刀客5    100    1    58
xymd2  50  50     上古黄金龙5   100    1  58
xymd2  50  50     上古蛛后5    100    1    58
xymd2  50  50     远古恶魔5    100    1    58
xymd2  50  50     远古牛尊5    100    1    58
xymd2  50  50     如龙魔尊5    100    1    58
xymd2  50  50     如龙魔王5    100    1    58
xymd2  50  50      如道帝     5      1    65


;玄妖魔殿 3

xymd3  50  50     魔龙巨蛾     50  10    20
xymd3  50  50     魔龙力士     50  10    20
xymd3  50  50     魔龙战将     50  10   20
xymd3  50  50     暗之魔龙力士   50  10   20
xymd3  50  50     暗之魔龙战将   50  10   20
xymd3  50  50     暗之魔龙巨蛾   50  10   20
xymd3  50  50     魔龙教主5    50    1    59
xymd3  50  50     魔影巨人5    50    1    58
xymd3  50  50     灵魂收割者5   50    1  58
xymd3  50  50     蓝影刀客5    50    1    58
xymd3  50  50     上古黄金龙5  50    1  58
xymd3  50  50     上古蛛后5    50    1    58
xymd3  50  50     远古恶魔5    50    1    58
xymd3  50  50     远古牛尊5    50    1    58
xymd3  50  50     如龙魔尊5    50    1    58
xymd3  50  50     如龙魔王5    50    1    58
xymd3  50  50      如魔帝     5      1    65


;地下魔域 1
xspy1  30  30     魔龙巨蛾     50  5    20
xspy1  30  30     魔龙力士     50  5    20
xspy1  30  30     魔龙战将     50  5   20
xspy1  30  30     暗之魔龙力士   50  5   20
xspy1  30  30     暗之魔龙战将   50  5   20
xspy1  30  30     暗之魔龙巨蛾   50  5   20
xspy1  30  30     魔龙教主5    50    1    59
xspy1  30  30     魔影巨人5    50    1    58
xspy1  30  30     灵魂收割者5   50    1  58
xspy1  30  30     蓝影刀客5    50    1    58
xspy1  30  30     上古黄金龙5   50    1  58
xspy1  30  30     上古蛛后5    50    1    58
xspy1  30  30     远古恶魔5    50    1    58
xspy1  30  30     远古牛尊5    50    1    58
xspy1  30  30     如龙魔尊5    50    1    58
xspy1  30  30     如龙魔王5    50    1    58
xspy1  30  30      如战帝     5      1    65


;地下魔域2
xspy2  40  40     魔龙巨蛾     50  5    20
xspy2  40  40     魔龙力士     50  5    20
xspy2  40  40     魔龙战将     50  5   20
xspy2  40  40     暗之魔龙力士   50  5   20
xspy2  40  40     暗之魔龙战将   50  5   20
xspy2  40  40     暗之魔龙巨蛾   50  5   20
xspy2  40  40     魔龙教主5    50    1    59
xspy2  40  40     魔影巨人5    50    1    58
xspy2  40  40     灵魂收割者5   50    1  58
xspy2  40  40     蓝影刀客5    50    1    58
xspy2  40  40     上古黄金龙5   50    1  58
xspy2  40  40     上古蛛后5    50    1    58
xspy2  40  40     远古恶魔5    50    1    58
xspy2  40  40     远古牛尊5    50    1    58
xspy2  40  40     如龙魔尊5    50    1    58
xspy2  40  40     如龙魔王5    50    1    58
xspy2  40  40      如道帝     5      1    65




;地下魔域3
xspy3  40  40     魔龙巨蛾     50  5    20
xspy3  40  40     魔龙力士     50  5    20
xspy3  40  40     魔龙战将     50  5   20
xspy3  40  40     暗之魔龙力士   50  5   20
xspy3  40  40     暗之魔龙战将   50  5   20
xspy3  40  40     暗之魔龙巨蛾   50  5   20
xspy3  40  40     魔龙教主5    50    1    59
xspy3  40  40     魔影巨人5    50    1    58
xspy3  40  40     灵魂收割者5   50    1  58
xspy3  40  40     蓝影刀客5    50    1    58
xspy3  40  40     上古黄金龙5   50    1  58
xspy3  40  40     上古蛛后5    50    1    58
xspy3  40  40     远古恶魔5    50    1    58
xspy3  40  40     远古牛尊5    50    1    58
xspy3  40  40     如龙魔尊5    50    1    58
xspy3  40  40     如龙魔王5    50    1    58
xspy3  40  40      如魔帝     5      1    65

;天下仙府 1
txxf1  25  25     魔龙巨蛾     50  5    20
txxf1  25  25     魔龙力士     50  5    20
txxf1  25  25     魔龙战将     50  5   20
txxf1  25  25     暗之魔龙力士   50  5   20
txxf1  25  25     暗之魔龙战将   50  5   20
txxf1  25  25     暗之魔龙巨蛾   50  5   20
txxf1  25  25     魔龙教主5    50    1    59
txxf1  25  25     魔影巨人5    50    1    58
txxf1  25  25     灵魂收割者5   50    1  58
txxf1  25  25     蓝影刀客5    50    1    58
txxf1  25  25     上古黄金龙5   50    1  58
txxf1  25  25     上古蛛后5    50    1    58
txxf1  25  25     远古恶魔5    50    1    58
txxf1  25  25     远古牛尊5    50    1    58
txxf1  25  25     如龙魔尊5    50    1    58
txxf1  25  25     如龙魔王5    50    1    58
txxf1  25  25      如战帝     5      1    65

;天下仙府2
txxf2  45  45    魔龙巨蛾     50  5    20
txxf2  45  45    魔龙力士     50  5    20
txxf2  45  45    魔龙战将     50  5   20
txxf2  45  45    暗之魔龙力士   50  5   20
txxf2  45  45    暗之魔龙战将   50  5   20
txxf2  45  45    暗之魔龙巨蛾   50  5   20
txxf2  45  45    魔龙教主5    50    1    59
txxf2  45  45    魔影巨人5    50    1    58
txxf2  45  45    灵魂收割者5   50    1  58
txxf2  45  45    蓝影刀客5   50    1    58
txxf2  45  45    上古黄金龙5   50    1  58
txxf2  45  45    上古蛛后5    50    1    58
txxf2  45  45    远古恶魔5    50    1    58
txxf2  45  45    远古牛尊5    50    1    58
txxf2  45  45    如龙魔尊5    50    1    58
txxf2  45  45    如龙魔王5    50    1    58
txxf2  45  45     如道帝     5      1    65

;天下仙府3
txxf3  50  50    魔龙巨蛾     50  5    20
txxf3  50  50    魔龙力士     50  5    20
txxf3  50  50    魔龙战将     50  5   20
txxf3  50  50    暗之魔龙力士   50  5   20
txxf3  50  50    暗之魔龙战将   50  5   20
txxf3  50  50    暗之魔龙巨蛾   50  5   20
txxf3  50  50    魔龙教主5    50    1    59
txxf3  50  50    魔影巨人5    50    1    58
txxf3  50  50    灵魂收割者5   50    1  58
txxf3  50  50    蓝影刀客5    50    1    58
txxf3  50  50    上古黄金龙5   50    1  58
txxf3  50  50    上古蛛后5    50    1    58
txxf3  50  50    远古恶魔5    50    1    58
txxf3  50  50    远古牛尊5    50    1    58
txxf3  50  50    如龙魔尊5    50    1    58
txxf3  50  50    如龙魔王5    50    1    58
txxf3  50  50     如魔帝     5      1    65



;终极神陵1
zjsl1  50  50    魔龙巨蛾     50  5    20
zjsl1  50  50    魔龙力士     50  5    20
zjsl1  50  50    魔龙战将     50  5   20
zjsl1  50  50    暗之魔龙力士   50  5   20
zjsl1  50  50    暗之魔龙战将   50  5   20
zjsl1  50  50    暗之魔龙巨蛾   50  5   20
zjsl1  50  50    魔龙教主5    50    1    59
zjsl1  50  50    魔影巨人5    50    1    58
zjsl1  50  50    灵魂收割者5   50    1  58
zjsl1  50  50    蓝影刀客5    50    1    58
zjsl1  50  50    上古黄金龙5   50    1  58
zjsl1  50  50    上古蛛后5    50    1    58
zjsl1  50  50    远古恶魔5    50    1    58
zjsl1  50  50    远古牛尊5    50    1    58
zjsl1  50  50    如龙魔尊5    50    1    58
zjsl1  50  50    如龙魔王5    50    1    58
zjsl1  50  50     如战帝     5      1    65

;终极神陵2
zjsl2  100  100    魔龙巨蛾     50   10    20
zjsl2  100  100    魔龙力士     50   10    20
zjsl2  100  100    魔龙战将     50   10   20
zjsl2  100  100    暗之魔龙力士   50   10   20
zjsl2  100  100    暗之魔龙战将   50   10   20
zjsl2  100  100    暗之魔龙巨蛾   50   10   20
zjsl2  100  100    魔龙教主5    50    1    59
zjsl2  100  100    魔影巨人5    50    1    58
zjsl2  100  100    灵魂收割者5  50    1  58
zjsl2  100  100    蓝影刀客5    50    1    58
zjsl2  100  100    上古黄金龙5   50    1  58
zjsl2  100  100    上古蛛后5    50    1    58
zjsl2  100  100    远古恶魔5    50    1    58
zjsl2  100  100    远古牛尊5    50    1    58
zjsl2  100  100    如龙魔尊5    50    1    58
zjsl2  100  100    如龙魔王5    50    1    58
zjsl2  100  100     如道帝     5      1    65

;终极神陵3
zjsl3  100  100    魔龙巨蛾     50   10    20
zjsl3  100  100    魔龙力士     50   10    20
zjsl3  100  100    魔龙战将     50   10   20
zjsl3  100  100    暗之魔龙力士   50   10   20
zjsl3  100  100    暗之魔龙战将   50   10   20
zjsl3  100  100    暗之魔龙巨蛾   50   10   20
zjsl3  100  100    魔龙教主5    50    1    59
zjsl3  100  100    魔影巨人5    50    1    58
zjsl3  100  100    灵魂收割者5  50    1  58
zjsl3  100  100    蓝影刀客5    50    1    58
zjsl3  100  100    上古黄金龙5   50    1  58
zjsl3  100  100    上古蛛后5    50    1    58
zjsl3  100  100    远古恶魔5    50    1    58
zjsl3  100  100    远古牛尊5    50    1    58
zjsl3  100  100    如龙魔尊5    50    1    58
zjsl3  100  100    如龙魔王5    50    1    58
zjsl3  100  100     如魔帝     5      1    65


;回馈①
huikui1  100  100     如战帝     100     1    55
huikui1  100  100     如道帝     100     1    60
huikui1  100  100     如魔帝     100     1    65
huikui1  100  100     传说教主     100     1    60
huikui1  100  100     征战教主     100     1    60
huikui1  100  100     不灭教主     100     1    60
huikui1  100  100     ⑻旖讨     100     1    60
huikui1  100  100     弑血教主     100     1    60
huikui1  100  100     缥缈教主     100     1    60
huikui1  100  100     如龙教主     100     1    60
huikui1  100  100     如龙魔王5     100     1   60
huikui1  100  100     如龙魔尊5     100     1   60
huikui1  100  100     远古恶魔5     100     1   60
huikui1  100  100     上古蛛后5     100     1   60
huikui1  100  100     上古黄金龙5     100     1   60
huikui1  100  100     蓝影刀客5     100     1   60
huikui1  100  100     灵魂收割者5     100     1   60
huikui1  100  100     魔龙教主5     100     1   60
huikui1  100  100     魔影巨人5     100     1   60

;回馈 ②
huikui2  100  100     如战帝     100     1    55
huikui2  100  100     如道帝     100     1    60
huikui2  100  100     如魔帝     100     1    65
huikui2  100  100     传说教主     100     1    60
huikui2  100  100     征战教主     100     1    60
huikui2  100  100     不灭教主     100     1    60
huikui2  100  100     ⑻旖讨     100     1    60
huikui2  100  100     弑血教主     100     1    60
huikui2  100  100     缥缈教主     100     1    60
huikui2  100  100     如龙教主     100     1    60
huikui2  100  100     如龙魔王5     100     1   60
huikui2  100  100     如龙魔尊5     100     1   60
huikui2  100  100     远古恶魔5     100     1   60
huikui2  100  100     上古蛛后5     100     1   60
huikui2  100  100     上古黄金龙5     100     1   60
huikui2  100  100     蓝影刀客5     100     1   60
huikui2  100  100     灵魂收割者5     100     1   60
huikui2  100  100     魔龙教主5     100     1   60
huikui2  100  100     魔影巨人5     100     1   60
